1,2:neu,2:neu,,0.259,*0.68,0.061
2,2:neu,2:neu,,0.213,*0.758,0.03
3,2:neu,2:neu,,0,*1,0
4,2:neu,2:neu,,0.084,*0.894,0.021
5,2:neu,2:neu,,0.063,*0.935,0.003
6,2:neu,2:neu,,0.049,*0.95,0.001
7,2:neu,2:neu,,0.253,*0.432,0.316
8,2:neu,1:neg,+,*0.726,0.25,0.025
9,2:neu,1:neg,+,*0.816,0.128,0.055
10,2:neu,2:neu,,0.16,*0.839,0.001
11,2:neu,2:neu,,0.174,*0.825,0.001
12,2:neu,1:neg,+,*0.526,0.311,0.162
13,2:neu,2:neu,,0.002,*0.998,0
14,2:neu,1:neg,+,*0.567,0.433,0
15,2:neu,1:neg,+,*0.473,0.454,0.073
16,2:neu,2:neu,,0,*1,0
17,2:neu,1:neg,+,*0.87,0.117,0.013
18,2:neu,2:neu,,0.395,*0.451,0.154
19,2:neu,2:neu,,0.023,*0.977,0
20,2:neu,2:neu,,0.206,*0.727,0.068
21,2:neu,2:neu,,0.169,*0.618,0.214
22,2:neu,2:neu,,0.167,*0.629,0.204
23,2:neu,2:neu,,0.035,*0.957,0.008
24,2:neu,2:neu,,0.207,*0.63,0.163
25,2:neu,2:neu,,0.361,*0.639,0
26,2:neu,3:pos,+,0.009,0.224,*0.767
27,2:neu,2:neu,,0.468,*0.527,0.005
28,2:neu,2:neu,,0.129,*0.87,0.001
29,2:neu,1:neg,+,*0.539,0.444,0.017
30,2:neu,2:neu,,0.355,*0.615,0.03
31,2:neu,2:neu,,0.025,*0.969,0.006
32,2:neu,1:neg,+,*0.811,0.18,0.01
33,2:neu,1:neg,+,*0.642,0.304,0.054
34,2:neu,2:neu,,0.02,*0.98,0
35,2:neu,2:neu,,0.156,*0.835,0.009
36,2:neu,2:neu,,0.326,*0.629,0.045
37,2:neu,1:neg,+,*0.633,0.362,0.005
38,2:neu,2:neu,,0.253,*0.744,0.004
39,2:neu,2:neu,,0.385,*0.597,0.018
40,2:neu,2:neu,,0.15,*0.836,0.014
41,2:neu,2:neu,,0.39,*0.561,0.049
42,2:neu,3:pos,+,0.242,0.221,*0.536
43,2:neu,2:neu,,0.377,*0.592,0.031
44,2:neu,2:neu,,0.202,*0.781,0.017
45,2:neu,2:neu,,0.111,*0.884,0.005
46,2:neu,2:neu,,0.062,*0.935,0.003
47,2:neu,2:neu,,0.001,*0.998,0.002
48,2:neu,2:neu,,0,*1,0
49,2:neu,2:neu,,0.381,*0.593,0.026
50,2:neu,1:neg,+,*0.579,0.407,0.014
51,2:neu,2:neu,,0.022,*0.975,0.003
52,2:neu,2:neu,,0.382,*0.594,0.024
53,2:neu,2:neu,,0.096,*0.49,0.414
54,2:neu,1:neg,+,*0.538,0.462,0
55,2:neu,2:neu,,0.018,*0.974,0.008
56,2:neu,2:neu,,0.003,*0.997,0
57,2:neu,2:neu,,0.179,*0.819,0.002
58,2:neu,1:neg,+,*0.608,0.392,0
59,2:neu,1:neg,+,*0.504,0.496,0
60,2:neu,2:neu,,0.157,*0.83,0.013
61,2:neu,2:neu,,0.055,*0.944,0.001
62,2:neu,2:neu,,0.115,*0.881,0.003
63,2:neu,1:neg,+,*0.786,0.212,0.002
64,2:neu,2:neu,,0.216,*0.476,0.308
65,2:neu,2:neu,,0.081,*0.909,0.01
66,2:neu,2:neu,,0.078,*0.92,0.001
67,2:neu,2:neu,,0.064,*0.928,0.008
68,2:neu,2:neu,,0.008,*0.992,0
69,2:neu,2:neu,,0.222,*0.775,0.003
70,2:neu,1:neg,+,*0.912,0.088,0
71,2:neu,2:neu,,0.325,*0.648,0.027
72,2:neu,2:neu,,0.011,*0.989,0
73,2:neu,2:neu,,0.008,*0.992,0.001
74,2:neu,2:neu,,0,*1,0
75,2:neu,2:neu,,0.159,*0.837,0.004
76,2:neu,2:neu,,0.184,*0.783,0.033
77,2:neu,3:pos,+,0.005,0.045,*0.95
78,2:neu,2:neu,,0.174,*0.821,0.005
79,2:neu,2:neu,,0.145,*0.782,0.073
80,2:neu,2:neu,,0.357,*0.572,0.071
81,2:neu,1:neg,+,*0.435,0.379,0.186
82,2:neu,3:pos,+,0.385,0.038,*0.577
83,2:neu,2:neu,,0.008,*0.992,0
84,2:neu,2:neu,,0.464,*0.535,0.001
85,2:neu,1:neg,+,*0.898,0.094,0.007
86,2:neu,1:neg,+,*0.528,0.159,0.313
87,2:neu,2:neu,,0.166,*0.83,0.004
88,2:neu,1:neg,+,*0.8,0.193,0.006
89,2:neu,2:neu,,0.097,*0.903,0
90,2:neu,2:neu,,0.156,*0.842,0.002
91,2:neu,2:neu,,0.229,*0.403,0.368
92,2:neu,1:neg,+,*0.876,0.116,0.008
93,2:neu,2:neu,,0.449,*0.544,0.007
94,2:neu,2:neu,,0.003,*0.997,0
95,2:neu,1:neg,+,*0.638,0.274,0.088
96,2:neu,1:neg,+,*0.924,0.076,0
97,2:neu,1:neg,+,*0.928,0.009,0.063
98,2:neu,2:neu,,0.02,*0.979,0.001
99,2:neu,1:neg,+,*0.808,0.191,0.001
100,2:neu,2:neu,,0.05,*0.948,0.002
101,2:neu,1:neg,+,*0.705,0.179,0.116
102,2:neu,2:neu,,0.045,*0.954,0
103,2:neu,2:neu,,0.017,*0.983,0
104,2:neu,1:neg,+,*0.749,0.235,0.016
105,2:neu,2:neu,,0.196,*0.762,0.042
106,2:neu,2:neu,,0.224,*0.775,0.001
107,2:neu,2:neu,,0.428,*0.568,0.004
108,2:neu,2:neu,,0.318,*0.666,0.016
109,2:neu,1:neg,+,*0.52,0.406,0.075
110,2:neu,2:neu,,0.042,*0.955,0.002
111,2:neu,2:neu,,0.336,*0.518,0.146
112,2:neu,2:neu,,0.096,*0.875,0.029
113,2:neu,2:neu,,0.14,*0.831,0.029
114,2:neu,1:neg,+,*0.52,0.436,0.044
115,2:neu,1:neg,+,*0.8,0.198,0.002
116,2:neu,1:neg,+,*0.893,0.107,0
117,2:neu,1:neg,+,*0.874,0.099,0.027
118,2:neu,2:neu,,0.35,*0.65,0
119,2:neu,2:neu,,0.094,*0.905,0.001
120,2:neu,2:neu,,0.37,*0.63,0
121,2:neu,1:neg,+,*0.92,0.079,0.002
122,2:neu,2:neu,,0.213,*0.671,0.116
123,2:neu,1:neg,+,*0.944,0.055,0
124,2:neu,1:neg,+,*0.562,0.402,0.035
125,2:neu,2:neu,,0.027,*0.971,0.002
126,2:neu,2:neu,,0.345,*0.496,0.159
127,2:neu,2:neu,,0.108,*0.88,0.012
128,2:neu,2:neu,,0.483,*0.515,0.002
129,2:neu,2:neu,,0.165,*0.733,0.102
130,2:neu,1:neg,+,*0.548,0.452,0
131,2:neu,1:neg,+,*0.542,0.404,0.054
132,2:neu,2:neu,,0.016,*0.984,0.001
133,2:neu,2:neu,,0.037,*0.945,0.018
134,2:neu,2:neu,,0.058,*0.94,0.002
135,2:neu,2:neu,,0.334,*0.651,0.015
136,2:neu,2:neu,,0.032,*0.959,0.009
137,2:neu,1:neg,+,*0.521,0.376,0.103
138,2:neu,2:neu,,0.345,*0.452,0.202
139,2:neu,2:neu,,0.308,*0.681,0.011
140,2:neu,2:neu,,0.188,*0.795,0.017
141,2:neu,2:neu,,0.313,*0.681,0.006
142,2:neu,2:neu,,0.002,*0.997,0.001
143,2:neu,2:neu,,0.005,*0.98,0.015
144,2:neu,2:neu,,0.004,*0.996,0
145,2:neu,1:neg,+,*0.542,0.424,0.035
146,2:neu,1:neg,+,*0.706,0.223,0.071
147,2:neu,2:neu,,0.037,*0.961,0.003
148,2:neu,2:neu,,0.045,*0.947,0.008
149,2:neu,1:neg,+,*0.642,0.177,0.18
150,2:neu,1:neg,+,*0.978,0.022,0
151,2:neu,2:neu,,0.124,*0.876,0.001
152,2:neu,2:neu,,0.096,*0.904,0
153,2:neu,2:neu,,0.093,*0.894,0.013
154,2:neu,1:neg,+,*0.893,0.092,0.014
155,2:neu,2:neu,,0.046,*0.953,0
156,2:neu,1:neg,+,*0.91,0.055,0.035
157,2:neu,2:neu,,0.056,*0.935,0.009
158,2:neu,2:neu,,0.472,*0.525,0.003
159,2:neu,2:neu,,0.252,*0.727,0.022
160,2:neu,2:neu,,0.407,*0.466,0.127
161,2:neu,1:neg,+,*0.699,0.26,0.041
162,2:neu,2:neu,,0.135,*0.859,0.005
163,2:neu,1:neg,+,*0.537,0.46,0.003
164,2:neu,2:neu,,0.44,*0.523,0.037
165,2:neu,2:neu,,0.173,*0.815,0.012
166,2:neu,1:neg,+,*0.654,0.339,0.007
167,2:neu,3:pos,+,0.006,0.485,*0.509
168,2:neu,1:neg,+,*0.804,0.195,0.001
169,2:neu,2:neu,,0.172,*0.732,0.096
170,1:neg,1:neg,,*0.398,0.302,0.3
171,1:neg,2:neu,+,0.451,*0.488,0.061
172,1:neg,1:neg,,*0.743,0.249,0.007
173,1:neg,2:neu,+,0.362,*0.553,0.085
174,1:neg,1:neg,,*0.56,0.44,0.001
175,1:neg,2:neu,+,0.35,*0.65,0
176,1:neg,1:neg,,*0.85,0.147,0.003
177,1:neg,1:neg,,*0.892,0.057,0.051
178,1:neg,2:neu,+,0.295,*0.703,0.001
179,1:neg,1:neg,,*0.898,0,0.102
180,1:neg,1:neg,,*0.938,0.061,0.001
181,1:neg,1:neg,,*0.924,0.022,0.054
182,1:neg,1:neg,,*0.886,0.097,0.017
183,1:neg,1:neg,,*0.775,0.222,0.004
184,1:neg,1:neg,,*0.858,0.097,0.045
185,1:neg,2:neu,+,0.433,*0.558,0.01
186,1:neg,1:neg,,*0.999,0.001,0
187,1:neg,1:neg,,*0.62,0.128,0.252
188,1:neg,2:neu,+,0.058,*0.942,0.001
189,1:neg,1:neg,,*0.482,0.293,0.225
190,1:neg,1:neg,,*0.693,0.231,0.075
191,1:neg,1:neg,,*0.986,0.007,0.007
192,1:neg,1:neg,,*0.847,0.152,0.001
193,1:neg,2:neu,+,0.293,*0.704,0.003
194,1:neg,1:neg,,*0.924,0.072,0.004
195,1:neg,1:neg,,*0.554,0.262,0.184
196,1:neg,2:neu,+,0.407,*0.452,0.141
197,1:neg,1:neg,,*0.497,0.496,0.007
198,1:neg,2:neu,+,0.052,*0.941,0.007
199,1:neg,1:neg,,*0.538,0.456,0.006
200,1:neg,2:neu,+,0.124,*0.871,0.005
201,1:neg,1:neg,,*0.537,0.463,0
202,1:neg,2:neu,+,0.124,*0.86,0.016
203,1:neg,1:neg,,*0.95,0.041,0.009
204,1:neg,2:neu,+,0.32,*0.68,0
205,1:neg,2:neu,+,0.113,*0.87,0.017
206,1:neg,3:pos,+,0.199,0.101,*0.7
207,1:neg,2:neu,+,0.26,*0.712,0.028
208,1:neg,2:neu,+,0.404,*0.499,0.097
209,1:neg,1:neg,,*0.933,0.065,0.002
210,1:neg,1:neg,,*0.889,0.111,0
211,1:neg,1:neg,,*0.524,0.449,0.027
212,1:neg,1:neg,,*0.797,0.2,0.002
213,1:neg,1:neg,,*0.678,0.321,0.001
214,1:neg,1:neg,,*0.579,0.418,0.003
215,1:neg,2:neu,+,0.383,*0.586,0.032
216,1:neg,2:neu,+,0.359,*0.64,0
217,1:neg,1:neg,,*0.889,0.11,0.001
218,1:neg,2:neu,+,0.34,*0.656,0.004
219,1:neg,1:neg,,*0.873,0.127,0
220,1:neg,2:neu,+,0.069,*0.93,0
221,1:neg,1:neg,,*0.473,0.38,0.147
222,1:neg,1:neg,,*0.648,0.317,0.035
223,1:neg,2:neu,+,0.467,*0.515,0.019
224,1:neg,2:neu,+,0.34,*0.66,0
225,1:neg,1:neg,,*0.717,0.277,0.006
226,1:neg,2:neu,+,0.301,*0.676,0.023
227,1:neg,1:neg,,*0.583,0.125,0.292
228,1:neg,3:pos,+,0.337,0.233,*0.43
229,1:neg,2:neu,+,0.047,*0.944,0.009
230,1:neg,1:neg,,*0.859,0.14,0.001
231,1:neg,2:neu,+,0.129,*0.867,0.003
232,1:neg,1:neg,,*0.517,0.385,0.098
233,1:neg,1:neg,,*0.773,0.185,0.042
234,1:neg,1:neg,,*0.708,0.291,0.001
235,1:neg,1:neg,,*0.982,0.018,0
236,1:neg,1:neg,,*0.936,0.064,0
237,1:neg,1:neg,,*0.943,0.055,0.001
238,1:neg,1:neg,,*0.895,0.096,0.01
239,1:neg,1:neg,,*0.554,0.417,0.029
240,1:neg,2:neu,+,0.311,*0.679,0.01
241,1:neg,1:neg,,*0.853,0.089,0.058
242,1:neg,1:neg,,*0.867,0.044,0.089
243,1:neg,1:neg,,*0.9,0.096,0.004
244,1:neg,2:neu,+,0.292,*0.576,0.132
245,1:neg,1:neg,,*0.624,0.373,0.003
246,1:neg,1:neg,,*0.957,0.001,0.042
247,1:neg,1:neg,,*0.712,0.287,0.001
248,1:neg,2:neu,+,0.34,*0.65,0.01
249,1:neg,2:neu,+,0.378,*0.622,0
250,1:neg,1:neg,,*0.967,0.031,0.002
251,1:neg,1:neg,,*0.992,0.004,0.004
252,1:neg,1:neg,,*0.934,0.055,0.011
253,1:neg,1:neg,,*0.613,0.194,0.193
254,1:neg,2:neu,+,0.286,*0.457,0.257
255,1:neg,1:neg,,*0.775,0.22,0.005
256,1:neg,1:neg,,*0.506,0.404,0.09
257,1:neg,1:neg,,*0.992,0.007,0
258,1:neg,2:neu,+,0.491,*0.499,0.009
259,1:neg,1:neg,,*0.957,0.038,0.005
260,1:neg,1:neg,,*0.808,0.186,0.006
261,1:neg,1:neg,,*0.558,0.441,0.001
262,1:neg,1:neg,,*0.72,0.151,0.129
263,1:neg,2:neu,+,0.427,*0.572,0.001
264,1:neg,2:neu,+,0.115,*0.885,0.001
265,1:neg,2:neu,+,0.124,*0.874,0.002
266,1:neg,1:neg,,*0.525,0.316,0.16
267,1:neg,2:neu,+,0.25,*0.686,0.064
268,1:neg,2:neu,+,0.377,*0.566,0.057
269,1:neg,2:neu,+,0.103,*0.895,0.001
270,1:neg,2:neu,+,0.154,*0.61,0.237
271,1:neg,2:neu,+,0.3,*0.692,0.008
272,1:neg,1:neg,,*0.986,0.013,0
273,1:neg,1:neg,,*0.578,0.422,0.001
274,1:neg,2:neu,+,0.345,*0.543,0.112
275,1:neg,1:neg,,*0.516,0.468,0.016
276,1:neg,3:pos,+,0.342,0.293,*0.365
277,1:neg,2:neu,+,0.021,*0.978,0.001
278,1:neg,1:neg,,*0.505,0.494,0.001
279,1:neg,1:neg,,*0.976,0.019,0.005
280,1:neg,1:neg,,*0.707,0.286,0.007
281,1:neg,1:neg,,*0.657,0.325,0.018
282,1:neg,1:neg,,*0.972,0.028,0
283,1:neg,1:neg,,*0.838,0.162,0
284,1:neg,1:neg,,*0.9,0.04,0.06
285,1:neg,2:neu,+,0.146,*0.854,0
286,1:neg,2:neu,+,0.113,*0.652,0.235
287,1:neg,1:neg,,*0.699,0.301,0
288,1:neg,1:neg,,*0.838,0.159,0.003
289,1:neg,1:neg,,*0.801,0.198,0.001
290,1:neg,1:neg,,*0.854,0.069,0.077
291,1:neg,1:neg,,*0.991,0.009,0
292,1:neg,1:neg,,*0.897,0.103,0.001
293,1:neg,1:neg,,*0.963,0.037,0
294,1:neg,2:neu,+,0.121,*0.684,0.195
295,1:neg,1:neg,,*0.56,0.307,0.134
296,1:neg,1:neg,,*0.853,0.144,0.004
297,1:neg,1:neg,,*0.93,0.069,0
298,1:neg,1:neg,,*0.668,0.323,0.009
299,1:neg,1:neg,,*0.988,0.011,0.002
300,1:neg,1:neg,,*0.889,0.11,0.001
301,1:neg,2:neu,+,0.109,*0.887,0.003
302,1:neg,1:neg,,*0.66,0.334,0.006
303,1:neg,2:neu,+,0.106,*0.833,0.061
304,1:neg,2:neu,+,0.184,*0.814,0.002
305,1:neg,1:neg,,*0.995,0.003,0.002
306,1:neg,1:neg,,*0.895,0.081,0.024
307,1:neg,1:neg,,*0.744,0.249,0.007
308,1:neg,1:neg,,*0.919,0.074,0.007
309,1:neg,1:neg,,*0.627,0.373,0
310,1:neg,2:neu,+,0.324,*0.672,0.003
311,1:neg,2:neu,+,0.173,*0.827,0
312,1:neg,1:neg,,*0.798,0.196,0.006
313,1:neg,2:neu,+,0.249,*0.7,0.051
314,1:neg,1:neg,,*0.972,0.027,0.001
315,3:pos,3:pos,,0.17,0.189,*0.641
316,3:pos,2:neu,+,0.322,*0.357,0.32
317,3:pos,1:neg,+,*0.926,0.011,0.063
318,3:pos,3:pos,,0.086,0.442,*0.472
319,3:pos,2:neu,+,0.385,*0.606,0.009
320,3:pos,3:pos,,0.023,0.187,*0.79
321,3:pos,2:neu,+,0.174,*0.816,0.01
322,3:pos,3:pos,,0.006,0.037,*0.957
323,3:pos,1:neg,+,*0.493,0.361,0.146
324,3:pos,1:neg,+,*0.814,0.161,0.025
325,3:pos,1:neg,+,*0.36,0.298,0.342
326,3:pos,2:neu,+,0.042,*0.776,0.182
327,3:pos,2:neu,+,0.336,*0.443,0.22
328,3:pos,3:pos,,0.184,0.081,*0.735
329,3:pos,3:pos,,0.008,0.088,*0.905
330,3:pos,1:neg,+,*0.796,0.192,0.012
331,3:pos,3:pos,,0.039,0.012,*0.949
332,3:pos,2:neu,+,0.446,*0.487,0.066
333,3:pos,1:neg,+,*0.597,0.323,0.08
334,3:pos,2:neu,+,0.487,*0.501,0.012
335,3:pos,3:pos,,0.038,0.057,*0.904
336,3:pos,3:pos,,0.041,0.062,*0.897
337,3:pos,1:neg,+,*0.805,0.183,0.012
338,3:pos,3:pos,,0.054,0.012,*0.935
339,3:pos,1:neg,+,*0.694,0.056,0.251
340,3:pos,3:pos,,0.131,0.416,*0.452
341,3:pos,2:neu,+,0.034,*0.518,0.449
342,3:pos,2:neu,+,0.007,*0.989,0.004
343,3:pos,1:neg,+,*0.76,0.073,0.167
344,3:pos,2:neu,+,0.312,*0.608,0.08
345,3:pos,3:pos,,0.1,0.056,*0.844
346,3:pos,2:neu,+,0.157,*0.793,0.05
347,3:pos,2:neu,+,0.038,*0.937,0.025
348,3:pos,1:neg,+,*0.589,0.145,0.266
349,3:pos,3:pos,,0.093,0.377,*0.53
350,3:pos,3:pos,,0.112,0.264,*0.625
351,3:pos,1:neg,+,*0.699,0.301,0
352,3:pos,3:pos,,0.11,0.305,*0.584
353,3:pos,3:pos,,0.049,0.428,*0.523
354,3:pos,1:neg,+,*0.794,0.042,0.164
355,3:pos,1:neg,+,*0.811,0.116,0.073
356,3:pos,1:neg,+,*0.527,0.084,0.389
357,3:pos,2:neu,+,0.131,*0.857,0.012
358,3:pos,3:pos,,0.107,0.329,*0.564
359,3:pos,1:neg,+,*0.771,0.124,0.105
360,3:pos,2:neu,+,0.027,*0.957,0.017
361,3:pos,1:neg,+,*0.981,0.019,0
362,3:pos,2:neu,+,0.385,*0.593,0.022
363,3:pos,1:neg,+,*0.872,0.031,0.097
364,3:pos,1:neg,+,*0.776,0.22,0.004
365,3:pos,2:neu,+,0.133,*0.854,0.013
366,3:pos,3:pos,,0.14,0.038,*0.822
367,3:pos,1:neg,+,*0.519,0.338,0.144
368,3:pos,2:neu,+,0.049,*0.95,0.001
369,3:pos,1:neg,+,*0.514,0.103,0.383
370,3:pos,2:neu,+,0.368,*0.56,0.072
371,3:pos,1:neg,+,*0.953,0.024,0.023
372,3:pos,1:neg,+,*0.923,0.06,0.017
373,3:pos,2:neu,+,0.102,*0.71,0.188
374,3:pos,3:pos,,0.004,0.003,*0.993
375,3:pos,3:pos,,0.293,0.129,*0.578
376,3:pos,3:pos,,0.148,0.325,*0.527
377,3:pos,3:pos,,0.202,0.193,*0.606
378,3:pos,1:neg,+,*0.92,0.077,0.003
379,3:pos,1:neg,+,*0.77,0.204,0.026
380,3:pos,1:neg,+,*0.618,0.171,0.211
381,3:pos,2:neu,+,0.233,*0.633,0.134
382,3:pos,1:neg,+,*0.8,0.1,0.1
383,3:pos,1:neg,+,*0.994,0.006,0
384,3:pos,1:neg,+,*0.509,0.287,0.203
385,3:pos,2:neu,+,0.051,*0.911,0.038
386,3:pos,1:neg,+,*0.94,0.058,0.002
387,3:pos,2:neu,+,0.147,*0.583,0.27
388,3:pos,1:neg,+,*0.919,0.052,0.029
389,3:pos,1:neg,+,*0.425,0.235,0.341
390,3:pos,2:neu,+,0.364,*0.634,0.001
391,3:pos,2:neu,+,0.02,*0.979,0.001
392,3:pos,2:neu,+,0.265,*0.708,0.027
393,3:pos,2:neu,+,0.066,*0.918,0.016
394,3:pos,2:neu,+,0.006,*0.994,0.001
395,3:pos,2:neu,+,0.011,*0.776,0.213
396,3:pos,3:pos,,0.044,0.002,*0.954
397,3:pos,2:neu,+,0.255,*0.74,0.005
